ASC_BIKE = -3.648908661827972
ASC_TRANSIT = -5.25313375398478
ASC_WALK = -1.2947450515137957
B_COST = -0.0024815838528341717
B_DIST = -0.8606532945766312
B_TIME = -0.027911732592128098
