ASC_BIKE = 12.342071330583913
ASC_TRANSIT = -92.44652888252702
ASC_WALK = 12.95322050340433
B_COST = 0.0707710282443605
B_DIST = -0.5934872332471396
B_TIME = -0.1450959227508456
