ASC_BIKE = -3.6496935297426996
ASC_TRANSIT = -5.253526786991104
ASC_WALK = -1.2954433236458274
B_COST = -0.002484425684945559
B_DIST = -0.8606412129131052
B_TIME = -0.027914508163341376
