ASC_BIKE = 12.337887855186008
ASC_TRANSIT = -93.35269559766638
ASC_WALK = 12.949050720476325
B_COST = 0.0707530627551048
B_DIST = -0.5935669563495192
B_TIME = -0.14512247575401482
